    0.01    -2.2181
    0.02    -2.1931
    0.03    -2.3014
    0.04    -2.3196
    0.05    -2.5133
    0.06    -2.4642
    0.07    -2.6359
    0.08    -2.6356
    0.09    -2.6657
    0.10    -2.8152
    0.11    -2.8043
    0.12    -2.8629
    0.13    -2.9724
    0.14    -2.9999
    0.15    -3.0703
    0.16    -3.0971
    0.17    -3.1640
    0.18    -3.3491
    0.19    -3.4125
    0.20    -3.4441
    0.21    -3.5503
    0.22    -3.6852
    0.23    -3.7505
    0.24    -3.8332
    0.25    -3.7501
    0.26    -3.9709
    0.27    -4.0285
    0.28    -4.1729
    0.29    -4.2125
    0.30    -4.3080
    0.31    -4.3201
    0.32    -4.5052
    0.33    -4.4973
    0.34    -4.6623
    0.35    -4.6753
    0.36    -4.9063
    0.37    -4.9331
    0.38    -5.0851
    0.39    -5.1881
    0.40    -5.2460
    0.41    -5.2618
    0.42    -5.4703
    0.43    -5.5996
    0.44    -5.6868
    0.45    -5.7952
    0.46    -5.8513
    0.47    -5.9932
    0.48    -6.1025
    0.49    -6.1788
    0.50    -6.3522
    0.51    -6.4329
    0.52    -6.4629
    0.53    -6.7423
    0.54    -6.7692
    0.55    -6.8868
    0.56    -7.1070
    0.57    -7.2159
    0.58    -7.1658
    0.59    -7.3245
    0.60    -7.4611
    0.61    -7.5741
    0.62    -7.8917
    0.63    -7.9659
    0.64    -8.0215
    0.65    -8.2134
    0.66    -8.2790
    0.67    -8.5070
    0.68    -8.6276
    0.69    -8.6877
    0.70    -8.9443
    0.71    -9.0553
    0.72    -9.2369
    0.73    -9.2204
    0.74    -9.4602
    0.75    -9.6451
    0.76    -9.8629
    0.77    -9.8901
    0.78   -10.1023
    0.79   -10.2544
    0.80   -10.5153
    0.81   -10.6480
    0.82   -10.7632
    0.83   -11.0157
    0.84   -11.0047
    0.85   -11.3046
    0.86   -11.5156
    0.87   -11.7099
    0.88   -11.8673
    0.89   -11.9282
    0.90   -12.1598
    0.91   -12.4241
    0.92   -12.6110
    0.93   -12.6781
    0.94   -12.9701
    0.95   -13.1647
    0.96   -13.3271
    0.97   -13.5259
    0.98   -13.8119
    0.99   -14.0155
    1.00   -14.2408